1 1 1.6260144998846868 1.413825312231258 -0.6260144998846868  -0.41382531223125807 1 1   0.7704935488357981 0.8175468341197784  0.22950645116420187   0.18245316588022165
1 1 0.7867981741963455 1.0723432652493776 0.21320182580365454 -0.07234326524937762 1 1   0.8678608411679818 0.8933715112215539  0.1321391588320182    0.1066284887784461
1 1 0.9970280014902089 1.1117343859539708 0.00297199850979112 -0.11173438595397078 1 1   0.6580467064127551 0.7394375480684743  0.3419532935872449    0.2605624519315257
1 1 1.2533753637582685 0.8740198697250239 -0.2533753637582685 0.12598013027497612 1 1    0.376468959263545  0.5167320137220706  0.6235310407364549    0.48326798627792944
1 1 1.2788028324701008 1.3868388146825565 -0.27880283247010085 -0.38683881468255654 1 1  0.5539239469518445 0.622077390182033   0.44607605304815545   0.377922609817967
1 1 1.1317368013685993 1.0173642048968996 -0.13173680136859933 -0.017364204896899604 1 1 0.4607928266684512 0.9561111456587534  0.5392071733315488    0.043888854341246564
1 1 0.8444123227208925 0.6812952928988742 0.1555876772791075   0.31870470710112575 1 1   1.0929290142987849 0.508205945585907   -0.09292901429878486  0.49179405441409296
1 1 1.1184434277083217 0.9906019744432273 -0.11844342770832172 0.009398025556772716 1 1  0.5607184335231865 1.1547143443707208  0.4392815664768135    -0.15471434437072085
1 1 1.0995059602167154 1.0690974469292365 -0.09950596021671543 -0.06909744692923647 1 1  0.7706296666955168 0.36113789346479097 0.2293703333044832    0.638862106535209
1 1 1.2907778405467016 1.0106487722548445 -0.29077784054670164 -0.010648772254844507 1 1 1.0410355410207799 1.107115423960559   -0.041035541020779887 -0.10711542396055895




1 1 1.048265222095484  1.0556652991295936 -0.048265222095484006 -0.055665299129593615 1 1 0.8901321259840492 1.050234810510006  0.10986787401595077   -0.05023481051000589
1 1 1.0548686808232592 0.8755500119500303 -0.05486868082325924  0.12444998804996965   1 1 0.8219328978087187 0.7342993764265294 0.1780671021912813    0.2657006235734706
1 1 0.9655692592152616 0.8934300136869894 0.0344307407847384    0.10656998631301062   1 1 0.9502385394983436 0.7831848137963432 0.04976146050165642   0.2168151862036568
1 1 1.0037503046315974 0.9660338099929975 -0.003750304631597423 0.03396619000700252   1 1 0.7884997052653887 0.7824871262281919 0.2115002947346113    0.21751287377180806
1 1 1.1182718014148454 1.0663691808875508 -0.11827180141484539  -0.06636918088755084  1 1 1.1289857978083664 0.8895149467008022 -0.1289857978083664   0.11048505329919778
1 1 0.8964800180650982 0.9013948680399273 0.10351998193490175   0.0986051319600727    1 1 0.9530813758593654 1.0610415773970883 0.046918624140634635  -0.061041577397088265
1 1 0.99212227884036   0.9142139671050696 0.007877721159640028  0.08578603289493036   1 1 1.0051592817323414 1.0430187994940276 -0.00515928173234137  -0.04301879949402765
1 1 1.0250354303109117 0.8595621154830994 -0.02503543031091171  0.14043788451690065   1 1 0.9206660596061842 0.9371612519801782 0.0793339403938158    0.06283874801982181
1 1 0.8662315611402498 0.8961970842435263 0.1337684388597502    0.10380291575647371   1 1 1.0959343092080116 0.9192616190170325 -0.0959343092080116   0.08073838098296748
1 1 1.0580806472345055 1.0268703788663551 -0.058080647234505456 -0.026870378866355127 1 1 1.024846911778444  0.996091015276335  -0.024846911778444003 0.0039089847236649655



1 1 0.9803601804562954 0.9827667115612462 0.01963981954370464     0.017233288438753824   1 1 1.006245687762257  0.9970651164942849 -0.0062456877622569795 0.0029348835057151357
1 1 1.004209025744897  0.9920521276314929 -0.00420902574489701    0.007947872368507136   1 1 0.9823457589384265 0.9899570757769132 0.01765424106157354    0.010042924223086835
1 1 1.0143550970537427 1.0126526659945838 -0.014355097053742716   -0.012652665994583812  1 1 0.9900127033846975 0.9891056649727304 0.00998729661530251    0.010894335027269553
1 1 1.0174807150340313 1.0166686716690378 -0.017480715034031258   -0.01666867166903785   1 1 1.0092899552872088 0.994229032187232  -0.009289955287208773  0.00577096781276798
1 1 0.9966169540584807 1.0042265544444338 0.0033830459415192804   -0.004226554444433761  1 1 1.0252061819260392 0.9949261958665712 -0.025206181926039184  0.005073804133428839
1 1 1.000488111552899  1.0085106801371655 -0.00048811155289896213 -0.008510680137165494  1 1 1.0117832789191539 1.0015267436767485 -0.011783278919153872  -0.0015267436767485432
1 1 1.015359403200873  1.0111708896529807 -0.015359403200873034   -0.011170889652980742  1 1 0.9983410310105358 0.9975783473847092 0.0016589689894641602  0.0024216526152908147
1 1 0.9969220650382574 0.9976470509391072 0.003077934961742579    0.002352949060892784   1 1 1.0073617262792667 0.9827984806401959 -0.007361726279266678  0.017201519359804074
1 1 1.0067508419865048 1.0008609055237176 -0.006750841986504774   -0.0008609055237176477 1 1 0.9872696620076212 0.9955917374645341 0.01273033799237877    0.00440826253546589
1 1 1.0008136525576448 0.9878635278980888 -0.0008136525576447617  0.012136472101911155   1 1 0.9876290828471785 1.0121026251132839 0.012370917152821459   -0.01210262511328386













